11111110-141111111111101, 353·

, 'Tabula Generalis pro Supputando.

' Md Agl Logamop MdAgp oganpro'
cluam-Q 1111111418β43111.

34341. 7
61 69 55 58 0.172.914 91 8610, 540174176
70 56 5601765 91 8646100177159
65 7141160180188 95 871145 0180184
64 715656 0518805 94 87 6545 0185506
65 7155 5705187404 95 880117 0186508

-ff--u-'u--n--n--u--u

66 751415 0190978 96 8815490189195
6171111111 3131131331
{9 ζ83308580101614 99 89. 884 0198111

74155 0510111 100 900000 0505050

717616560108611 10190451 0506781
71 76,,5145 0111080 104 9119ῂ80511469
73 7715 570115519 106 91,11,014 ,518060
74 77 5941 0118964 108 9154 440515587
11 18111111· 11, 111 111111 Q?
11 11 1111111111 111 111111 111 11111
77 79 3745 0·229¹42 1¹4 9463 1Ξο 40339730

78 80 9,15 0151488 116 9551 ,11 40544979
79 804054 0155809 118 96. 8110550155

80 81,.11160159517 110 96445040555161·

-μ--αι *ρ ι-ι-

81 81.41,510.141416 111 971948 0560506
81 81,.1119 01456841 ¹24 97 5417 40565184
83 81,,.40400148955 116 981 ,0,00570100
84 85,9.540151159118 99.00, 507 ,575051
854858 5,40155566 5509155 5579841
⁸⁶ 17ἱί34. ⁶ 43333433 8³² 888 444 3434343 ’
88 87888. 3148 01648651384101,355,48 0,Ξ9Ξ888
89· 485517 580267989 143841015511 059 8418

90 185. 5417 0171091 140.101,14,9 0401950

.- ww·

 

